0 0.699416778824585 0.6507402422611037 0.09959623149394346 0.06056527590847921
0 0.8147151188873935 0.4131897711978466 0.1004934948407356 0.048452220726783325
0 0.9519964109466129 0.5100942126514132 0.06998654104979807 0.06460296096904443
0 0.8111260655002244 0.4690444145356662 0.12920592193808886 0.06594885598923284
0 0.7931807985643786 0.33647375504710636 0.10049349484073573 0.048452220726783325
0 0.7792732166890982 0.2873485868102288 0.15163750560789593 0.052489905787348586
0 0.7922835352175863 0.22678331090174964 0.10767160161507405 0.041722745625841176
0 0.7703005832211754 0.1971736204576043 0.19291161956034103 0.060565275908479134
0 0.7954239569313595 0.16150740242261105 0.10318528488111255 0.03499327052489905
0 0.7770300583221175 0.11103633916554508 0.129205921938089 0.057873485868102266
