0 0.07806191117092867 0.5518169582772543 0.10767160161507401 0.11843876177658152
0 0.17855540601166442 0.5592193808882907 0.09510991475998204 0.1224764468371466
0 0.27680574248541945 0.5497981157469717 0.09600717810677434 0.1413189771197846
0 0.15388066397487662 0.2873485868102288 0.07267833109017495 0.09017496635262454
0 0.24315836698070886 0.2853297442799462 0.09869896814715119 0.09690444145356665
0 0.3373710183938986 0.27927321668909827 0.07716464782413635 0.09017496635262447
0 0.4064602960969044 0.26177658142664867 0.08075370121130554 0.12247644683714665
0 0.4899057873485868 0.2711978465679677 0.06460296096904443 0.07671601615074028
0 0.560340960071781 0.2711978465679677 0.05832211754149839 0.0713324360699865
0 0.7429340511440108 0.27052489905787347 0.0699865410497982 0.0807537012113055
0 0.7685060565275909 0.4764468371467025 0.07626738447734396 0.10497981157469717
0 0.79766711529834 0.5720053835800808 0.07537012113055183 0.06729475100942132
0 0.7532525796321221 0.7658142664872141 0.07267833109017502 0.17765814266487212
0 0.604306864064603 0.6978465679676985 0.1606101390758188 0.18707940780619112
0 0.0354419021982952 0.8034993270524899 0.04755495737999103 0.1157469717362045
0 0.10677433826828174 0.797442799461642 0.07716464782413639 0.14939434724091513
0 0.18528488111260658 0.7940780619111709 0.07088380439659044 0.13458950201884248
