0 0.4917003140421714 0.37281292059219384 0.1040825482279049 0.08344549125168242
0 0.5388066397487663 0.5201884253028264 0.09241812471960528 0.10632570659488558
0 0.8788694481830417 0.4690444145356662 0.12651413189771205 0.10363391655450868
0 0.6379542395693136 0.28667563930013457 0.1040825482279049 0.1157469717362046
0 0.6765365634813818 0.26110363391655456 0.11843876177658139 0.1157469717362046
0 0.7124270973530732 0.23485868102288024 0.1220278151637504 0.11170928667563931
0 0.7797218483624943 0.2032301480484522 0.09331538806639755 0.09690444145356664
0 0.9223867205024675 0.42934051144010765 0.12920592193808886 0.126514131897712
0 0.17855540601166442 0.544414535666218 0.10408254822790487 0.12516823687752357
0 0.38896366083445494 0.5148048452220727 0.1336922386720502 0.11440107671601624
0 0.7097353073126962 0.936742934051144 0.07895917451772093 0.09690444145356651
