0 0.5791834903544191 0.6285329744279946 0.0798564378645132 0.09690444145356672
0 0.7097353073126963 0.5895020188425303 0.06819201435621353 0.1049798115746971
0 0.34365186182144464 0.8842530282637955 0.07537012113055183 0.07806191117092866
0 0.2108568864961866 0.6742934051144011 0.10049349484073578 0.1292059219380888
0 0.14894571556751907 0.6944818304172276 0.09510991475998204 0.11305518169582776
0 0.08927770300583221 0.7180349932705249 0.09959623149394346 0.11709286675639305
0 0.043965903992821895 0.7362045760430687 0.06639748766262898 0.1238223418573351
0 0.2925078510542844 0.9670255720053836 0.08075370121130547 0.06594885598923284
0 0.35307312696276355 0.955585464333782 0.10677433826828178 0.08882907133243606
0 0.42709735307312696 0.9569313593539703 0.08254822790489015 0.08344549125168242
0 0.48362494392104083 0.9549125168236878 0.06998654104979814 0.08748317631224765
