0 0.7833109017496637 0.7012113055181695 0.008972633467922861 0.037685060565275846
0 0.79766711529834 0.7012113055181698 0.0071781067743383175 0.032301480484522214
0 0.8102288021534321 0.7012113055181696 0.01794526693584558 0.024226110363391628
0 0.8443248093315389 0.6958277254374159 0.017945266935845722 0.024226110363391628
0 0.7196052041274114 0.19582772543741592 0.026917900403768444 0.022880215343203253
0 0.6729475100942126 0.19313593539703902 0.028712427097352985 0.039030955585464364
0 0.9416778824585015 0.14266487213997306 0.031404217137729944 0.03768506056527588
0 0.9614176760879317 0.13189771197846567 0.033198743831314485 0.037685060565275916
0 0.8402871242709736 0.534993270524899 0.027815163750560857 0.05248990578734862
0 0.91161956034096 0.5639300134589502 0.032301480484522076 0.043068640646029624
