0 0.08254822790489008 0.379542395693136 0.08434275459847466 0.08344549125168235
0 0.16195603409600717 0.370121130551817 0.11395244504262003 0.08882907133243606
0 0.27231942575145807 0.3129205921938089 0.13189771197846573 0.10094212651413187
0 0.351278600269179 0.32368775235531627 0.06908927770300582 0.057873485868102356
0 0.40287124270973534 0.2987886944818305 0.061013907581875276 0.07806191117092869
0 0.5482279048900852 0.2812920592193809 0.07178106774338268 0.06729475100942128
0 0.6859578286227008 0.4387617765814267 0.07267833109017502 0.09421265141318969
0 0.7904890085240018 0.5080753701211305 0.10049349484073573 0.09017496635262447
0 0.6958277254374159 0.6534320323014805 0.10318528488111255 0.16016150740242266
0 0.8815612382234187 0.7032301480484523 0.10318528488111255 0.13593539703903104
0 0.4688200986989681 0.8936742934051145 0.1157469717362045 0.08613728129205925
0 0.3566621803499327 0.800807537012113 0.09600717810677434 0.12382234185733523
0 0.4253028263795424 0.791386271870794 0.08793180798564372 0.08882907133243606
0 0.06280843427545985 0.655450874831763 0.09331538806639748 0.08882907133243592
0 0.1395244504262001 0.6325706594885598 0.08344549125168238 0.09152086137281301
0 0.20547330641543293 0.6110363391655451 0.10228802153432033 0.09421265141318975
0 0.2691790040376851 0.598250336473755 0.11664423508299687 0.0901749663526246
0 0.3463436518618214 0.5699865410497982 0.11843876177658146 0.10901749663526246
