0 0.13997308209959625 0.3135935397039031 0.037685060565275916 0.03768506056527596
0 0.11305518169582772 0.30080753701211305 0.03409600717810676 0.04441453566621796
0 0.09376401973979365 0.28802153432032296 0.0331987438313145 0.03768506056527588
0 0.14401076716016148 0.19919246298788693 0.03499327052489901 0.040376850605652735
0 0.16778824585015703 0.21063257065948854 0.044863167339614166 0.036339165545087475
0 0.19291161956034095 0.2173620457604307 0.032301480484522214 0.04441453566621803
0 0.22476446837146702 0.22341857335127863 0.038582323912068194 0.04037685060565277
0 0.253028263795424 0.23283983849259754 0.043068640646029624 0.04306864064602958
0 0.18752803947958724 0.09219380888290712 0.02871242709735306 0.04441453566621804
0 0.21130551816958276 0.09892328398384925 0.031404217137729944 0.03633916554508751
0 0.2332884701659937 0.10834454912516822 0.03589053387169134 0.0417227456258412
0 0.25527142216240467 0.12180349932705248 0.038582323912068194 0.036339165545087454
0 0.31314490803050693 0.12920592193808883 0.035890533871691305 0.03499327052489905
0 0.34006280843427544 0.14131897711978467 0.035890533871691305 0.03499327052489907
0 0.36832660385823246 0.14602960969044415 0.026020637056976242 0.030955585464333756
0 0.38941269504860776 0.15208613728129208 0.039479587258860534 0.037685060565275916
0 0.4078061911170929 0.1648721399730821 0.0296096904441454 0.03364737550471062
0 0.4297887405727471 0.1628532974427995 0.02871242709735306 0.05114401076716016
0 0.17720951099147597 0.36137281292059215 0.029609690444145364 0.04979811574697173
0 0.4087034544638851 0.26446837146702556 0.034993270524899034 0.03364737550471062
0 0.3871691341408703 0.3021534320323015 0.038582323912068194 0.039030955585464364
0 0.47599820547330635 0.19919246298788693 0.027815163750560784 0.029609690444145364
0 0.515926424405563 0.34791386271870794 0.04665769403319885 0.03633916554508744
0 0.9636608344549126 0.8781965006729476 0.03768506056527599 0.04441453566621803
0 0.952893674293405 0.9131897711978465 0.037685060565275846 0.036339165545087294
0 0.9259757738896366 0.9798115746971736 0.041274113952445075 0.03230148048452236
0 0.9403319874383133 0.9629878869448183 0.04306864064602976 0.02826379542395685
0 0.9466128308658591 0.9427994616419919 0.044863167339614166 0.02288021534320336
0 0.9533423059668013 0.40578734858681026 0.031404217137729944 0.03364737550471062
0 0.6868550919694931 0.8169582772543741 0.047554957379991124 0.043068640646029624
0 0.7774786899955137 0.8290713324360701 0.040376850605652805 0.032301480484522214
0 0.7855540601166442 0.7651413189771199 0.03858232391206812 0.04441453566621803
0 0.2803947958725886 0.3283983849259758 0.06550022431583667 0.05921938088829069
0 0.32525876829371614 0.4421265141318974 0.04037846076867978 0.03364737550471053
0 0.29789143113503813 0.37012113055181695 0.04486316733961413 0.032301480484522214
0 0.19021982951996413 0.14131897711978464 0.017945266935845687 0.040376850605652735
