0 0.7940780619111709 0.3586810228802153 0.041274113952445075 0.08209959623149395
0 0.7954239569313595 0.7671601615074024 0.0672947510094214 0.08882907133243592
0 0.5020188425302827 0.6615074024226111 0.06908927770300587 0.06325706594885595
0 0.5899506505159264 0.7288021534320324 0.07806191117092859 0.0874831763122475
0 0.6514131897711978 0.7422611036339165 0.10946612830865853 0.14670255720053832
0 0.5365634813817856 0.7570659488559892 0.11664423508299684 0.11440107671601624
0 0.4764468371467025 0.7644683714670256 0.08793180798564379 0.10228802153432028
0 0.36787797218483625 0.8142664872139973 0.08613728129205925 0.09152086137281287
0 0.31404217137729923 0.8283983849259758 0.09690444145356661 0.09555854643337824
0 0.253028263795424 0.8458950201884252 0.07537012113055183 0.09286675639300128
0 0.2157918349035442 0.8660834454912516 0.11933602512337373 0.13593539703903104
0 0.12786002691790038 0.8855989232839839 0.09421265141318975 0.11305518169582768
0 0.11260655002243158 0.543741588156124 0.10677433826828177 0.13728129205921938
0 0.18079856437864514 0.5356662180349933 0.11215791834903543 0.11036339165545087
0 0.24270973530731269 0.5148048452220727 0.11754149842978916 0.10901749663526246
0 0.29161058770749215 0.4939434724091521 0.09690444145356665 0.1049798115746971
0 0.35172723194257516 0.4804845222072679 0.09869896814715115 0.10767160161507398
0 0.1363840287124271 0.2611036339165545 0.1148497083894123 0.09421265141318975
0 0.07761327949753252 0.2779273216689099 0.0924181247196052 0.1197846567967699
0 0.0430686406460296 0.3109017496635262 0.059219380888290714 0.07806191117092862
