0 0.07133243606998654 0.47106325706594887 0.09600717810677434 0.09421265141318984
0 0.12875729026469268 0.44279946164199196 0.13010318528488113 0.07537012113055183
0 0.22566173171825932 0.39232839838492595 0.13907581875280395 0.09017496635262454
0 0.29878869448183043 0.38627187079407804 0.08075370121130554 0.053835800807537026
0 0.3391655450874832 0.3627187079407806 0.07537012113055176 0.06864064602960966
0 0.4728577837595334 0.34185733512786 0.078959174517721 0.05383580080753699
0 0.14042171377299237 0.7200538358008076 0.10856886496186631 0.10228802153432043
0 0.20726783310901747 0.6890982503364737 0.10767160161507404 0.08075370121130547
0 0.2628981606101391 0.6736204576043069 0.11126065500224314 0.10363391655450876
0 0.32750112157918343 0.6527590847913862 0.09869896814715115 0.08613728129205916
0 0.3795423956931359 0.6258411843876178 0.13458950201884248 0.10497981157469724
0 0.604306864064603 0.9185733512786004 0.1283086585912966 0.08748317631224765
0 0.6523104531179901 0.47240915208613726 0.08434275459847462 0.09959623149394346
0 0.7420367877972186 0.6695827725437415 0.10049349484073573 0.1601615074024226
0 0.7729923732615523 0.5423956931359354 0.09780170480035892 0.06729475100942132
0 0.8981606101390759 0.6870794078061911 0.05563032750112143 0.10094212651413187
0 0.8546433378196501 0.21399730820995963 0.09241812471960514 0.09690444145356665
0 0.9506505159264245 0.2012113055181696 0.052938537460744756 0.0740242261103634
