0 0.35800807537012114 0.18034993270524902 0.053835800807537026 0.11574697173620459
0 0.5347689546882011 0.4899057873485868 0.1112606550022432 0.07806191117092866
0 0.6119336025123374 0.38627187079407804 0.08075370121130561 0.10228802153432034
0 0.5127860026917901 0.2550471063257066 0.06550022431583677 0.13324360699865415
0 0.582323912068192 0.2604306864064603 0.0610139075818752 0.11709286675639305
0 0.6639748766262898 0.25168236877523553 0.09331538806639748 0.13997308209959627
0 0.7505607895917451 0.26581426648721396 0.08524001794526698 0.13055181695827722
0 0.9210408254822791 0.23687752355316286 0.06370569762225216 0.11305518169582768
0 0.6491700314042171 0.6372812920592195 0.08165096455809788 0.16016150740242266
0 0.7281292059219382 0.6231493943472409 0.0798564378645132 0.1453566621803499
0 0.8075370121130553 0.6130551816958277 0.09331538806639755 0.14670255720053824
0 0.8977119784656796 0.6157469717362045 0.0798564378645132 0.1332436069986541
0 0.9694930462090625 0.611036339165545 0.040376850605652666 0.15343203230148042
0 0.6276357110812023 0.9360699865410499 0.07088380439659034 0.12247644683714654
0 0.7110812023328847 0.940107671601615 0.0888290713324362 0.11170928667563942
0 0.7936294302377748 0.9347240915208613 0.0655002243158367 0.13055181695827728
0 0.8658591296545537 0.946164199192463 0.06639748766262897 0.10497981157469724
0 0.02557200538358008 0.6009421265141319 0.026020637056976225 0.07402422611036343
