0 0.5208613728129206 0.49663526244952894 0.05473306415432923 0.053835800807537026
0 0.6262898160610139 0.4744279946164199 0.02512337371018404 0.06864064602960966
0 0.31852848811126067 0.15208613728129206 0.043068640646029624 0.04037685060565277
0 0.13369223867205027 0.22947510094212653 0.04127411395244506 0.05787348586810229
0 0.1148497083894123 0.1756393001345895 0.02512337371018395 0.05787348586810229
0 0.09914759982054733 0.16823687752355315 0.029609690444145364 0.06729475100942124
0 0.07851054284432481 0.14670255720053835 0.031404217137729916 0.06460296096904442
0 0.1148497083894123 0.11103633916554509 0.02332884701659939 0.04979811574697173
0 0.1628532974427995 0.0370121130551817 0.03678779721848361 0.05248990578734859
0 0.14131897711978464 0.02489905787348587 0.03858232391206817 0.04710632570659489
0 0.11619560340960072 0.02220726783310902 0.04037685060565277 0.04172274562584119
0 0.09286675639300135 0.01278600269179004 0.0385823239120682 0.02557200538358008
