0 0.02781516375056079 0.25235531628532976 0.03230148048452221 0.11170928667563931
0 0.03992821893225662 0.5195154777927321 0.05652759084791387 0.126514131897712
0 0.1269627635711081 0.5255720053835801 0.0816509645580978 0.1359353970390309
0 0.043517272319425745 0.7960969044414535 0.0655002243158367 0.13324360699865423
0 0.23687752355316286 0.5289367429340511 0.09690444145356665 0.13728129205921938
0 0.2175863615971287 0.23755047106325705 0.06550022431583667 0.09825033647375506
0 0.31763122476446837 0.23889636608344544 0.07895917451772096 0.11170928667563931
0 0.41812471960520414 0.24293405114401076 0.07537012113055183 0.11170928667563931
0 0.5020188425302827 0.23418573351278604 0.05473306415432923 0.13458950201884254
0 0.5854643337819649 0.25841184387617766 0.05832211754149846 0.07806191117092869
0 0.6550022431583671 0.2651413189771198 0.052041274113952485 0.0861372812920592
0 0.8627187079407806 0.28667563930013457 0.0547330641543293 0.09690444145356661
0 0.8012561686855091 0.5087483176312247 0.07178106774338275 0.13458950201884248
0 0.7810677433826828 0.613728129205922 0.061911170928667617 0.07267833109017495
0 0.5307312696276356 0.7368775235531629 0.2054733064154329 0.19784656796769845
0 0.6693584567070435 0.8257065948855989 0.1274113952445041 0.22476446837146696
0 0.8026020637056976 0.962314939434724 0.045760430686406436 0.07537012113055183
0 0.8986092418124718 0.9576043068640646 0.08165096455809774 0.08209959623149388
