0 0.6231493943472409 0.9145356662180351 0.11574697173620457 0.10094212651413187
0 0.6599371915657245 0.8943472409152085 0.09421265141318975 0.09017496635262447
0 0.6922386720502467 0.8371467025572005 0.13548676536563475 0.08613728129205925
0 0.7281292059219381 0.7934051144010766 0.1157469717362045 0.0767160161507401
0 0.768954688200987 0.6843876177658142 0.11305518169582783 0.07671601615074039
0 0.8061911170928667 0.6366083445491252 0.14984297891431125 0.08613728129205932
0 0.8483624943921041 0.5814266487213997 0.11754149842978918 0.08344549125168235
0 0.857335127860027 0.537685060565276 0.15522655899506504 0.09286675639300135
0 0.9004037685060565 0.49730820995962316 0.11395244504261996 0.07402422611036336
0 0.9443696724988784 0.4636608344549126 0.0690892777030058 0.08209959623149395
0 0.7949753252579632 0.9279946164199192 0.07357559443696715 0.07940780619111706
