0 0.27142216240466577 0.9374158815612381 0.011664423508299642 0.02826379542395685
0 0.28174069089277703 0.9387617765814267 0.01256168685509195 0.020188425302826402
0 0.3292956482727681 0.9380888290713324 0.010767160161507406 0.021534320323014954
0 0.3414087034544639 0.9434724091520862 0.006280843427545975 0.021534320323014812
0 0.3535217586361597 0.940107671601615 0.010767160161507477 0.01749663526244973
0 0.36653207716464775 0.9441453566621802 0.013458950201884291 0.014804845222072488
0 0.651861821444594 0.9495289367429339 0.026020637056976242 0.03633916554508758
0 0.7770300583221175 0.6022880215343203 0.03409600717810676 0.01749663526244966
0 0.7940780619111709 0.5592193808882907 0.032301480484522214 0.020188425302826402
0 0.8169582772543741 0.5834454912516824 0.018842530282637996 0.025572005383580107
0 0.4253028263795424 0.857335127860027 0.016150740242261107 0.024226110363391628
0 0.8887393449977569 0.5693135935397039 0.03858232391206826 0.02153432032301474
0 0.8838043965903992 0.5807537012113054 0.04665769403319885 0.0148048452220727
0 0.8752803947958725 0.5901749663526245 0.0296096904441454 0.02288021534320315
0 0.7895917451772095 0.5780619111709288 0.044863167339614166 0.012113055181695814
0 0.7173620457604306 0.5659488559892328 0.03499327052489917 0.02826379542395685
