0 0.3144908030506954 0.351278600269179 0.033198743831314485 0.043068640646029624
0 0.5011215791834903 0.559892328398385 0.043965903992821895 0.05652759084791384
0 0.35397039030955585 0.7799461641991924 0.031404217137729874 0.03633916554508744
0 0.3925527142216241 0.7584118438761778 0.040376850605652735 0.025572005383580176
0 0.38851502916105873 0.946164199192463 0.06998654104979814 0.06460296096904443
0 0.4046657694033199 0.9656796769851951 0.06280843427545982 0.04979811574697166
0 0.4244055630327501 0.9825033647375505 0.053835800807537026 0.034993270524899034
0 0.4925975773889637 0.8990578734858681 0.04306864064602955 0.040376850605652666
0 0.506505159264244 0.9192462987886946 0.043965903992821895 0.03499327052489917
0 0.5244504262000897 0.9353970390309556 0.045760430686406436 0.040376850605652805
0 0.5383580080753702 0.9576043068640646 0.04665769403319878 0.0390309555854644
0 0.5522655899506504 0.9751009421265141 0.047554957379991054 0.04172274562584121
0 0.5652759084791386 0.858008075370121 0.02153432032301488 0.030955585464333666
0 0.5832211754149843 0.8088829071332435 0.035890533871691305 0.034993270524899034
0 0.5971287572902647 0.8250336473755047 0.036787797218483576 0.03499327052489917
0 0.6047554957379991 0.847913862718708 0.048452220726783325 0.03230148048452236
0 0.6146253925527142 0.8701211305518171 0.037685060565275916 0.03364737550471062
0 0.6532077164647825 0.9010767160161507 0.0305069537909376 0.02826379542395685
0 0.6639748766262897 0.9192462987886943 0.043068640646029624 0.037685060565275846
0 0.6774338268281741 0.9374158815612381 0.037685060565275846 0.02826379542395685
0 0.6958277254374159 0.9475100942126514 0.051144010767160214 0.040376850605652805
0 0.7196052041274114 0.9737550471063257 0.041274113952445075 0.03903095558546425
