0 0.08254822790489008 0.4165545087483176 0.11126065500224318 0.09555854643337824
0 0.27052489905787347 0.8815612382234186 0.05832211754149839 0.11305518169582768
0 0.3073126962763571 0.3526244952893674 0.10677433826828178 0.1157469717362046
0 0.36653207716464786 0.3310901749663526 0.11574697173620453 0.11036339165545084
0 0.42799461641991926 0.2685060565275908 0.1507402422611036 0.11709286675639298
0 0.5033647375504711 0.23216689098250334 0.13100044863167334 0.11709286675639302
0 0.5132346343651861 0.379542395693136 0.09510991475998211 0.08344549125168235
0 0.8048452220726784 0.5141318977119785 0.13997308209959627 0.13458950201884257
0 0.8752803947958725 0.45356662180349927 0.12113055181695827 0.1399730820995962
0 0.9304620906235981 0.40107671601615075 0.11305518169582768 0.13189771197846567
0 0.9663526244952894 0.3283983849259758 0.0502467474203678 0.11574697173620457
0 0.6137281292059219 0.11103633916554508 0.120233288470166 0.09825033647375504
0 0.6819201435621355 0.06594885598923284 0.15612382234185732 0.12920592193808883
0 0.7545984746523103 0.0370121130551817 0.14356213548676536 0.0740242261103634
