0 0.04845222072678332 0.38627187079407804 0.08075370121130553 0.1695827725437416
0 0.15118887393449978 0.40578734858681026 0.12471960520412742 0.17092866756393008
0 0.2507851054284433 0.40174966352624497 0.13010318528488113 0.15746971736204585
0 0.33602512337371016 0.3930013458950202 0.12292507851054282 0.15881561238223418
0 0.4387617765814267 0.39300134589502017 0.1256168685509197 0.1534320323014805
0 0.056078959174517724 0.11776581426648722 0.07806191117092866 0.11709286675639304
0 0.12382234185733512 0.0847913862718708 0.10767160161507405 0.1695827725437416
0 0.231045311799013 0.08411843876177659 0.1301031852848811 0.1574697173620458
0 0.06998654104979812 0.769179004037685 0.10587707492148947 0.1332436069986541
0 0.1794526693584567 0.7866756393001346 0.12920592193808886 0.13593539703903104
0 0.27770300583221175 0.7765814266487214 0.09241812471960521 0.13728129205921946
0 0.46657694033198743 0.7543741588156123 0.10228802153432028 0.13055181695827714
0 0.5733512786002691 0.6574697173620458 0.09690444145356658 0.10363391655450876
0 0.5854643337819649 0.7772543741588156 0.13548676536563475 0.1628532974427995
0 0.6814715118887393 0.7853297442799462 0.09241812471960514 0.12786002691790033
0 0.7868999551368328 0.8122476446837146 0.1381785554060116 0.20323014804845216
0 0.9645580978017049 0.8781965006729476 0.050246747420367936 0.11709286675639319
