0 0.19201435621354868 0.648721399730821 0.10049349484073575 0.15343203230148042
0 0.27456258411843876 0.6621803499327052 0.10408254822790486 0.15881561238223413
0 0.35800807537012114 0.6567967698519516 0.09510991475998207 0.14535666218034982
0 0.41229250785105426 0.7604306864064603 0.10318528488111255 0.08075370121130561
0 0.5850157021085688 0.9165545087483176 0.07178106774338268 0.08613728129205925
0 0.8106774338268281 0.7792732166890982 0.09780170480035892 0.0995962314939436
0 0.4324809331538807 0.6514131897711978 0.08793180798564379 0.12920592193808886
0 0.5087483176312247 0.6635262449528936 0.08254822790489008 0.13997308209959633
0 0.294302377747869 0.3358008075370121 0.08793180798564386 0.17092866756393008
0 0.376850605652759 0.34320323014804843 0.09510991475998204 0.13728129205921938
0 0.24854194706146251 0.17362045760430686 0.11664423508299684 0.13728129205921938
