0 0.08389412292507853 0.12987886944818305 0.10856886496186632 0.13862718707940783
0 0.05338716913414086 0.5006729475100942 0.08882907133243606 0.1480484522207267
0 0.12068192014356213 0.4825033647375504 0.09062359802602066 0.14401076716016142
0 0.20502467474203676 0.4717362045760431 0.08882907133243609 0.13593539703903104
0 0.1749663526244953 0.9098250336473755 0.08972633467922836 0.13458950201884248
0 0.26065500224315835 0.908479138627187 0.11754149842978918 0.1534320323014805
0 0.28084342754598474 0.7644683714670256 0.07716464782413641 0.09421265141318955
0 0.3414087034544639 0.8835800807537012 0.07447285778375956 0.11440107671601624
0 0.41453566621803506 0.8849259757738895 0.07357559443696722 0.09286675639300128
0 0.5930910722296994 0.9549125168236878 0.05742485419470612 0.0794078061911172
0 0.46253925527142215 0.6016150740242261 0.12830865859129645 0.09152086137281294
0 0.7227456258411844 0.44683714670255725 0.10677433826828178 0.10228802153432034
0 0.870345446388515 0.41318977119784656 0.08434275459847469 0.11305518169582768
