0 0.4320323014804845 0.5551816958277255 0.09600717810677431 0.07133243606998654
0 0.7065948855989234 0.8142664872139973 0.06191117092866747 0.08075370121130561
0 0.7433826828174068 0.518842530282638 0.07088380439659048 0.060565275908479134
0 0.7018675683792529 0.4278277699298134 0.10159097397565532 0.08564786492108162
0 0.6592290209077188 0.45396705337975374 0.11271407331605544 0.08898479472320175
0 0.6210397131723447 0.4845555765658544 0.10455713379976189 0.08119862518492148
0 0.5884119551071708 0.5073579302136748 0.0897263346792284 0.08453555498704163
0 0.7541461352791339 0.35663993415125206 0.0934340344593619 0.07897400531684146
0 0.7941892929045747 0.32327063613005136 0.10678175366784202 0.09009710465724162
0 0.8401647701782289 0.25541973015361014 0.1542403108535494 0.10789406360188199
0 0.9031956664404965 0.19368652881438903 0.11419715322810874 0.10678175366784196
0 0.935452654527657 0.18311958444100881 0.09862481415154846 0.09899558412956182
