0 0.6038582323912068 0.49798115746971733 0.041274113952445075 0.032301480484522214
0 0.7429340511440108 0.6345895020188426 0.035890533871691305 0.04710632570659484
0 0.6518618214445939 0.47106325706594887 0.049349484073575665 0.02960969044414533
0 0.6572454015253476 0.44818304172274565 0.04396590399282175 0.026917900403768513
0 0.6644235082996859 0.43337819650067294 0.043965903992821895 0.032301480484522214
0 0.6760879318079855 0.40982503364737555 0.040376850605652666 0.04172274562584114
0 0.705697622252131 0.4609690444145357 0.029609690444145256 0.028263795423956992
0 0.6819201435621355 0.370121130551817 0.048452220726783256 0.02960969044414533
0 0.6935845670704353 0.3465679676985195 0.04306864064602948 0.030955585464333808
0 0.7030058322117542 0.3250336473755047 0.040376850605652805 0.025572005383580107
0 0.702557200538358 0.2960969044414536 0.057424854194706255 0.03230148048452225
0 0.7160161507402423 0.26379542395693134 0.048452220726783256 0.03230148048452218
0 0.8501570210856886 0.15679676985195154 0.029609690444145256 0.0417227456258412
0 0.8375953342305968 0.3930013458950202 0.049349484073575665 0.037685060565275916
0 0.8277254374158816 0.41453566621803495 0.0547330641543293 0.043068640646029624
0 0.8214445939883356 0.43405114401076716 0.05114401076716007 0.04172274562584121
0 0.8147151188873935 0.4629878869448183 0.044863167339614166 0.0349932705248991
0 0.8043965903992821 0.4825033647375505 0.040376850605652666 0.030955585464333808
0 0.9125168236877524 0.29273216689098247 0.032301480484522214 0.030955585464333808
0 0.857335127860027 0.2759084791386272 0.04934948407357553 0.032301480484522214
0 0.9524450426200091 0.35464333781965 0.051144010767160214 0.07671601615074025
