0 0.16733961417676088 0.11843876177658143 0.0421713772992373 0.04306864064602958
0 0.1987438313144908 0.11103633916554508 0.03858232391206815 0.03903095558546434
0 0.22207267833109018 0.10026917900403767 0.033198743831314485 0.025572005383580086
0 0.2588604755495738 0.07671601615074025 0.031404217137729944 0.043068640646029596
0 0.2812920592193809 0.0693135935397039 0.033198743831314485 0.036339165545087475
0 0.30641543292956486 0.06662180349932706 0.02781516375056075 0.02288021534320323
0 0.31763122476446837 0.04979811574697173 0.041274113952445075 0.04037685060565275
0 0.33467922835352176 0.050471063257065955 0.0251233737101839 0.025572005383580086
0 0.22925078510542846 0.22678331090174964 0.03140421713772991 0.039030955585464294
0 0.24764468371467024 0.22274562584118437 0.028712427097353093 0.04172274562584121
0 0.2700762673844773 0.211978465679677 0.03230148048452225 0.04710632570659492
0 0.29026469268730376 0.20390309555854644 0.031404217137729944 0.04172274562584121
0 0.3162853297442799 0.19380888290713322 0.033198743831314485 0.04306864064602958
0 0.40915208613728127 0.23283983849259754 0.017945266935845652 0.034993270524899034
0 0.06998654104979811 0.2799461641991925 0.02153432032301479 0.032301480484522214
0 0.036787797218483624 0.0693135935397039 0.03230148048452221 0.036339165545087475
0 0.11574697173620457 0.11843876177658144 0.02332884701659937 0.029609690444145364
0 0.4436967249887842 0.26244952893674295 0.0296096904441454 0.04037685060565277
