0 0.18349035441902198 0.5497981157469717 0.11036339165545087 0.152086137281292
0 0.24136384028712426 0.5558546433378196 0.10228802153432034 0.1426648721399731
0 0.3082099596231494 0.5693135935397039 0.0942126514131898 0.11574697173620457
0 0.3611484970838941 0.5572005383580081 0.11754149842978907 0.13189771197846567
0 0.04127411395244504 0.5531628532974429 0.05742485419470614 0.09421265141318969
0 0.036787797218483624 0.664872139973082 0.04665769403319874 0.11574697173620464
0 0.1641991924629879 0.8808882907133244 0.10587707492148946 0.0982503364737552
0 0.30058322117541497 0.9064602960969045 0.061013907581875276 0.05248990578734862
0 0.38761776581426655 0.7664872139973081 0.13638402871242708 0.13324360699865423
0 0.4459398833557649 0.7637954239569313 0.09869896814715119 0.1359353970390309
0 0.5006729475100942 0.7590847913862717 0.120233288470166 0.11843876177658146
0 0.5468820098698969 0.750336473755047 0.09780170480035885 0.12247644683714654
0 0.5957828622700763 0.7321668909825033 0.1040825482279049 0.12113055181695827
0 0.8156123822341858 0.9030955585464335 0.07357559443696715 0.07537012113055183
0 0.9134140870345447 0.9515477792732168 0.11305518169582783 0.09690444145356665
0 0.8326603858232392 0.9724091520861373 0.12561686855091977 0.05518169582772543
0 0.04531179901301032 0.7873485868102287 0.0655002243158367 0.0672947510094214
0 0.9789143113503813 0.6776581426648722 0.021534320323014812 0.07940780619111713
0 0.08972633467922833 0.4427994616419919 0.12023328847016597 0.10767160161507398
