0 0.08748317631224765 0.6144010767160162 0.06908927770300584 0.09017496635262447
0 0.12471960520412739 0.3122476446837147 0.07357559443696722 0.06460296096904447
0 0.303723642889188 0.2987886944818305 0.09421265141318975 0.09152086137281291
0 0.3714670255720054 0.2846567967698519 0.08434275459847462 0.07671601615074021
0 0.4378645132346343 0.2631224764468371 0.12561686855091964 0.08748317631224765
0 0.506056527590848 0.25168236877523553 0.10587707492148951 0.08075370121130554
0 0.45805293853746076 0.3452220726783311 0.07985643786451327 0.06594885598923284
0 0.6384028712427098 0.18909825033647376 0.09241812471960528 0.06864064602960968
0 0.7016599371915657 0.16352624495289367 0.12382234185733523 0.08209959623149393
0 0.7734410049349484 0.13930013458950202 0.10587707492148951 0.09286675639300135
0 0.8174069089277703 0.10901749663526246 0.13279497532525794 0.11574697173620459
0 0.8927770300583221 0.10430686406460296 0.09331538806639741 0.07671601615074025
0 0.933153880663975 0.06796769851951548 0.10049349484073573 0.12516823687752354
0 0.6235980260206371 0.46029609690444145 0.1022880215343202 0.09690444145356658
0 0.6922386720502467 0.44145356662180346 0.0995962314939436 0.11036339165545087
0 0.7662628981606102 0.41520861372812917 0.1238223418573351 0.11170928667563934
0 0.8272768057424854 0.38559892328398393 0.11664423508299678 0.11978465679676979
0 0.9066846119336026 0.37281292059219373 0.12471960520412737 0.13189771197846564
0 0.8138178555406012 0.6480484522207268 0.14715118887393458 0.13055181695827728
0 0.8591296545536115 0.6164199192462988 0.10677433826828178 0.10497981157469717
0 0.9255271422162406 0.5989232839838493 0.101390758187528 0.12113055181695827
