0 0.041722745625841176 0.29071332436069985 0.0655002243158367 0.08075370121130554
0 0.19515477792732164 0.29542395693135937 0.06729475100942128 0.0847913862718708
0 0.2714221624046658 0.3075370121130552 0.07447285778375953 0.0955585464333782
0 0.3571108120233289 0.3189771197846568 0.06280843427545982 0.07806191117092869
0 0.41857335127860024 0.32032301480484526 0.05652759084791384 0.11036339165545091
0 0.5401525347689546 0.3452220726783311 0.044863167339614166 0.08209959623149395
0 0.7092866756393001 0.3714670255720054 0.05652759084791384 0.07537012113055176
0 0.6774338268281741 0.5154777927321669 0.04665769403319885 0.09421265141318969
0 0.6886496186630776 0.594885598923284 0.0547330641543293 0.06460296096904443
0 0.5033647375504711 0.6473755047106325 0.14894571556751912 0.13458950201884257
0 0.2521310004486317 0.4798115746971736 0.0753701211305518 0.11170928667563927
0 0.16689098250336476 0.4703903095558546 0.07895917451772094 0.10632570659488558
0 0.08658591296545536 0.45895020188425306 0.08165096455809781 0.10497981157469717
0 0.07447285778375953 0.7113055181695829 0.1094661283086586 0.11978465679676986
0 0.05877074921489458 0.6224764468371466 0.06370569762225213 0.11978465679676986
0 0.13369223867205024 0.6332436069986541 0.05742485419470615 0.1251682368775235
0 0.6159712875729026 0.6857335127860027 0.052938537460744686 0.10363391655450876
0 0.8142664872139973 0.8331090174966351 0.08344549125168242 0.1049798115746971
