0 0.6572454015253476 0.4522207267833109 0.033198743831314485 0.018842530282637996
0 0.6608344549125168 0.41184387617765816 0.027815163750560715 0.018842530282637996
0 0.6819201435621355 0.41520861372812917 0.019739793629430125 0.030955585464333735
0 0.6958277254374159 0.4226110363391655 0.020637056976222538 0.021534320323014812
0 0.7200538358008075 0.4226110363391655 0.018842530282637854 0.018842530282637996
0 0.7550471063257066 0.42934051144010765 0.011664423508299677 0.016150740242261107
0 0.7649170031404217 0.43808882907133245 0.01704800358905331 0.012113055181695814
0 0.7949753252579632 0.44078061911170935 0.030506953790937673 0.025572005383580107
0 0.8784208165096455 0.34791386271870794 0.017945266935845722 0.025572005383580107
0 0.8882907133243607 0.338492597577389 0.01615074024226118 0.020188425302826402
0 0.9793629430237775 0.22880215343203228 0.01704800358905345 0.021534320323014812
0 0.7837595334230596 0.5067294751009421 0.029609690444145256 0.025572005383580107
0 0.7653656348138179 0.49125168236877526 0.023328847016599496 0.026917900403768513
0 0.7415881561238222 0.47644683714670255 0.01884253028263814 0.024226110363391628
0 0.7290264692687303 0.4703903095558546 0.020637056976222538 0.02826379542395692
0 0.7160161507402424 0.46500672947510097 0.010767160161507406 0.030955585464333808
0 0.06639748766262897 0.5679676985195155 0.030506953790937638 0.024226110363391628
0 0.09600717810677434 0.5780619111709286 0.025123373710183933 0.030955585464333735
0 0.1148497083894123 0.5814266487213997 0.032301480484522214 0.032301480484522214
0 0.126514131897712 0.5915208613728129 0.028712427097353076 0.020188425302826333
0 0.12830865859129656 0.6117092866756393 0.03409600717810678 0.02826379542395685
0 0.1310004486316734 0.6419919246298789 0.03589053387169134 0.024226110363391555
0 0.9587258860475549 0.6467025572005383 0.05473306415432944 0.04441453566621803
