0 0.05652759084791386 0.8916554508748317 0.06460296096904442 0.10632570659488565
0 0.2709735307312696 0.8997308209959624 0.13817855540601168 0.06864064602960966
0 0.26110363391655456 0.635935397039031 0.18663077613279502 0.1144010767160161
0 0.28981606101390756 0.5834454912516824 0.17048003589053387 0.08748317631224758
0 0.29789143113503813 0.544414535666218 0.15432929564827272 0.08209959623149395
0 0.30865859129654555 0.4925975773889637 0.13817855540601168 0.06460296096904443
0 0.32211754149842975 0.45154777927321677 0.14894571556751907 0.07940780619111713
0 0.6787797218483624 0.5215343203230148 0.101390758187528 0.07402422611036343
0 0.4764468371467025 0.13324360699865412 0.10049349484073573 0.08613728129205925
0 0.8873934499775684 0.4899057873485868 0.1310004486316734 0.09152086137281287
0 0.8595782862270076 0.5195154777927321 0.12920592193808886 0.08075370121130547
0 0.8465679676985195 0.576043068640646 0.18214445939883347 0.11843876177658146
0 0.7873485868102287 0.7301480484522207 0.13548676536563492 0.08209959623149402
0 0.7779273216689098 0.8082099596231496 0.2081650964558098 0.09017496635262447
0 0.7420367877972186 0.8849259757738898 0.16330192911619562 0.11170928667563927
