0 0.4679228353521758 0.6857335127860027 0.022431583669807083 0.04172274562584107
0 0.48541947061462537 0.6742934051144011 0.017945266935845652 0.032301480484522214
0 0.5051592642440557 0.6749663526244953 0.016150740242261107 0.03364737550471062
0 0.5231045311799013 0.6803499327052489 0.01615074024226118 0.030955585464333666
0 0.5648272768057424 0.699192462987887 0.031404217137729874 0.02826379542395685
0 0.42799461641991926 0.5531628532974427 0.016150740242261107 0.02691790040376837
0 0.44279946164199196 0.5619111709286676 0.015253476895468765 0.03903095558546433
0 0.46343651861821444 0.5652759084791386 0.01704800358905338 0.02960969044414533
0 0.4818304172274563 0.5713324360699865 0.016150740242261107 0.030955585464333735
0 0.4553611484970838 0.582099596231494 0.02063705697622247 0.017496635262449586
0 0.4643337819650067 0.6157469717362045 0.015253476895468836 0.022880215343203218
0 0.484073575594437 0.6224764468371466 0.01704800358905338 0.030955585464333878
0 0.5033647375504711 0.6231493943472409 0.016150740242261107 0.032301480484522214
0 0.5244504262000897 0.6271870794078062 0.018842530282637996 0.029609690444145256
0 0.54419021982952 0.6251682368775235 0.02243158366980701 0.03364737550471062
0 0.5204127411395245 0.5652759084791386 0.019739793629430267 0.024226110363391697
0 0.5414984297891432 0.5699865410497982 0.018842530282637996 0.028263795423956992
0 0.5607895917451772 0.5720053835800808 0.017945266935845652 0.02422611036339177
0 0.5787348586810229 0.5713324360699865 0.014356213548676564 0.030955585464333735
0 0.5908479138627186 0.5767160161507402 0.020637056976222538 0.030955585464333808
0 0.6101390758187528 0.5693135935397039 0.017945266935845722 0.032301480484522284
0 0.6469268730372364 0.6177658142664871 0.017945266935845652 0.018842530282637996
0 0.6150740242261103 0.6675639300134588 0.02243158366980701 0.053835800807537026
0 0.648721399730821 0.5841184387617766 0.017945266935845722 0.026917900403768513
0 0.860924181247196 0.7079407806191117 0.01704800358905345 0.032301480484522214
0 0.6433378196500672 0.6857335127860027 0.019739793629430194 0.02018842530282626
0 0.6406460296096905 0.7072678331090176 0.02153432032301488 0.020188425302826402
0 0.389412292507851 0.5457604306864065 0.019739793629430194 0.020188425302826402
0 0.31673396141767607 0.6029609690444145 0.025123373710183968 0.024226110363391628
