0 0.10812023328847017 0.7685060565275907 0.09600717810677434 0.07267833109017502
0 0.29968595782862273 0.7557200538358007 0.11843876177658146 0.11170928667563927
0 0.3624943921040826 0.7388963660834454 0.08793180798564379 0.10497981157469724
0 0.4297891431135038 0.7079407806191117 0.13279497532525794 0.1049798115746971
0 0.5047106325706595 0.68371467025572 0.101390758187528 0.0915208613728128
0 0.47554957379991025 0.7981157469717363 0.09331538806639748 0.08344549125168228
0 0.6262898160610139 0.607671601615074 0.10408254822790497 0.10094212651413187
0 0.6980708838043966 0.5841184387617766 0.1363840287124271 0.10767160161507405
0 0.7667115298340061 0.5477792732166891 0.11933602512337373 0.09152086137281287
0 0.806639748766263 0.5161507402422612 0.1543292956482729 0.13055181695827728
0 0.898609241812472 0.4952893674293405 0.08703454463885152 0.06191117092866755
0 0.9273216689098249 0.4549125168236877 0.1157469717362045 0.13189771197846561
0 0.6899955136832661 0.9279946164199191 0.12023328847016593 0.10094212651413201
0 0.768954688200987 0.9024226110363393 0.10228802153432014 0.10632570659488565
0 0.8389412292507851 0.8734858681022879 0.120233288470166 0.1157469717362045
0 0.9008524001794527 0.8358008075370122 0.1310004486316734 0.12113055181695827
0 0.9519964109466129 0.800807537012113 0.07178106774338261 0.13458950201884248
