0 0.1736204576043069 0.18640646029609692 0.23777478689995515 0.2032301480484522
0 0.120233288470166 0.09690444145356661 0.20098698968147155 0.15612382234185732
0 0.04486316733961418 0.5114401076716016 0.06460296096904443 0.16150740242261108
0 0.3790937640197398 0.6332436069986541 0.14625392552714217 0.16285329744279942
0 0.6038582323912067 0.5323014804845222 0.15074024226110352 0.1359353970390309
0 0.9250785105428443 0.15679676985195154 0.13817855540601173 0.13593539703903096
0 0.8936742934051144 0.10094212651413191 0.15612382234185732 0.11305518169582772
0 0.8304172274562583 0.05450874831763122 0.16958277254374152 0.10901749663526245
0 0.9587258860475549 0.22543741588156124 0.07447285778375956 0.10363391655450872
0 0.9703903095558546 0.27456258411843876 0.03858232391206826 0.08613728129205925
0 0.7110812023328847 0.9407806191117092 0.12292507851054282 0.11843876177658146
