0 0.25616868550919697 0.04979811574697173 0.04576043068640647 0.05114401076716016
0 0.28802153432032296 0.04979811574697173 0.0340960071781068 0.04037685060565275
0 0.31000448631673394 0.045087483176312254 0.02960969044414533 0.02826379542395693
0 0.3580080753701212 0.03095558546433378 0.026917900403768513 0.0430686406460296
0 0.3804396590399282 0.03095558546433378 0.0251233737101839 0.04037685060565275
0 0.4064602960969044 0.027590847913862716 0.026917900403768513 0.036339165545087475
0 0.42216240466576943 0.020188425302826375 0.031404217137729944 0.04037685060565275
0 0.4410049349484073 0.017496635262449527 0.031404217137729874 0.034993270524899055
0 0.2920592193808883 0.17294751009421266 0.026020637056976204 0.04979811574697173
0 0.31179901301031854 0.17362045760430686 0.02960969044414533 0.043068640646029624
0 0.3337819650067294 0.1648721399730821 0.026917900403768513 0.04710632570659486
0 0.3602512337371019 0.16218034993270525 0.02960969044414533 0.04710632570659492
0 0.38492597577388965 0.15679676985195154 0.0251233737101839 0.04441453566621803
0 0.3378196500672948 0.27860026917900405 0.026020637056976242 0.0511440107671601
0 0.35711081202332884 0.28061911170928666 0.0251233737101839 0.044414535666218065
0 0.46343651861821444 0.22611036339165544 0.043965903992821825 0.06191117092866755
0 0.4993270524899058 0.2496635262449529 0.022431583669807083 0.02826379542395692
