0 0.24540152534768958 0.27860026917900405 0.15343203230148053 0.07806191117092869
0 0.20681920143562138 0.3627187079407806 0.17855540601166442 0.09825033647375506
0 0.18304172274562583 0.4327052489905788 0.12023328847016597 0.08748317631224765
0 0.14984297891431136 0.4892328398384926 0.12202781516375057 0.10632570659488565
0 0.3566621803499327 0.45154777927321665 0.14984297891431136 0.08209959623149388
0 0.7685060565275909 0.49663526244952894 0.14804845222072685 0.13189771197846567
0 0.7877972184836249 0.42059219380888296 0.19380888290713316 0.10632570659488558
0 0.8205473306415434 0.3559892328398385 0.1785554060116644 0.09017496635262451
0 0.8456707043517272 0.29676985195154776 0.18393898609241816 0.08209959623149399
0 0.8725886047554957 0.24966352624495286 0.18752803947958724 0.0955585464333782
0 0.889187976671153 0.1823687752355316 0.17765814266487212 0.10901749663526245
0 0.2736653207716465 0.13862718707940783 0.14715118887393447 0.07537012113055186
0 0.3180798564378645 0.07335127860026917 0.1641991924629879 0.06864064602960968
0 0.33467922835352176 0.028936742934051143 0.16509645580978016 0.05787348586810229
