0 0.6258411843876178 0.8855989232839838 0.0690892777030058 0.10767160161507405
0 0.7034544638851503 0.9179004037685061 0.08254822790489015 0.12113055181695827
0 0.7142216240466577 0.8109017496635262 0.06819201435621353 0.08209959623149388
0 0.7720951099147599 0.9145356662180351 0.061911170928667617 0.09825033647375492
0 0.8308658591296546 0.9293405114401077 0.06280843427545989 0.10901749663526232
0 0.33647375504710636 0.5423956931359354 0.0897263346792284 0.15074024226110366
0 0.42395693135935403 0.5686406460296096 0.08882907133243613 0.14670255720053832
0 0.5029161058770749 0.576043068640646 0.08882907133243599 0.1426648721399731
0 0.5702108568864962 0.572678331090175 0.0852400179452669 0.14401076716016165
0 0.6446837146702558 0.5881561238223418 0.08882907133243613 0.16958277254374152
0 0.37729923732615517 0.26850605652759085 0.08165096455809781 0.1763122476446837
0 0.4477344100493495 0.30080753701211305 0.08075370121130554 0.17092866756393
0 0.522207267833109 0.30080753701211305 0.09690444145356665 0.16285329744279953
0 0.48227904890085244 0.9044414535666218 0.0906235980260206 0.1265141318977119
0 0.4069089277703006 0.8977119784656797 0.08703454463885152 0.11036339165545087
0 0.3315388066397487 0.8903095558546434 0.06729475100942132 0.11170928667563927
0 0.28084342754598474 0.8943472409152087 0.09152086137281287 0.16823687752355312
0 0.1686855091969493 0.8829071332436069 0.09331538806639747 0.14266487213997323
0 0.06280843427545985 0.351278600269179 0.10049349484073575 0.1453566621803499
