0 0.17586361597128758 0.9185733512786003 0.12202781516375057 0.07402422611036343
0 0.3373710183938986 0.86742934051144 0.10587707492148947 0.11978465679676986
0 0.3759533423059668 0.857335127860027 0.1112606550022432 0.13189771197846567
0 0.4212651413189771 0.8391655450874831 0.11395244504262003 0.09286675639300128
0 0.46657694033198743 0.8109017496635262 0.09331538806639755 0.07671601615074025
0 0.6209062359802603 0.9825033647375505 0.13817855540601165 0.034993270524899034
0 0.6621803499327052 0.9663526244952894 0.078959174517721 0.06729475100942124
0 0.7074921489457157 0.9569313593539703 0.101390758187528 0.08613728129205925
0 0.7303723642889188 0.9347240915208613 0.10767160161507405 0.08748317631224765
0 0.7703005832211752 0.9199192462987886 0.11574697173620464 0.09555854643337824
0 0.20726783310901753 0.8082099596231493 0.12561686855091966 0.0874831763122475
