0 0.3414087034544639 0.6776581426648721 0.08344549125168242 0.09825033647375506
0 0.5069537909376401 0.30955585464333785 0.053835800807537026 0.09152086137281294
0 0.2687303723642889 0.14401076716016153 0.12471960520412739 0.1372812920592194
0 0.41947061462539253 0.1971736204576043 0.09600717810677431 0.11170928667563933
0 0.7447285778375954 0.2496635262449529 0.11305518169582768 0.12516823687752357
0 0.8079856437864512 0.23620457604306863 0.130103185284881 0.09017496635262447
0 0.8506056527590848 0.20861372812920592 0.14356213548676536 0.09690444145356661
0 0.8963660834454913 0.1796769851951548 0.12202781516375055 0.0847913862718708
0 0.9223867205024675 0.15814266487213996 0.12920592193808886 0.09017496635262451
0 0.7245401525347688 0.5141318977119785 0.09959623149394346 0.07806191117092859
