0 0.11081202332884703 0.19246298788694483 0.06908927770300584 0.13728129205921938
0 0.19919246298788695 0.1911170928667564 0.08254822790489008 0.15074024226110366
0 0.2925078510542844 0.1917900403768506 0.06460296096904443 0.1278600269179004
0 0.36787797218483625 0.17833109017496634 0.06460296096904443 0.21668909825033647
0 0.44683714670255725 0.19851951547779273 0.05024674742036787 0.11978465679676986
0 0.509645580978017 0.18304172274562583 0.053835800807537026 0.1722745625841184
0 0.6998654104979812 0.23620457604306863 0.06280843427545989 0.11978465679676983
0 0.6603858232391207 0.4387617765814267 0.09152086137281287 0.1534320323014805
0 0.2126514131897712 0.5484522207267832 0.10946612830865857 0.14401076716016142
0 0.10228802153432032 0.6204576043068641 0.10587707492148946 0.19380888290713336
0 0.3826828174069089 0.8647375504710633 0.13907581875280395 0.1655450874831763
