0 0.1534320323014805 0.3142664872139973 0.06639748766262897 0.04979811574697173
0 0.25616868550919697 0.27321668909825036 0.03140421713772991 0.018842530282637958
0 0.28174069089277703 0.275235531628533 0.019739793629430232 0.036339165545087475
0 0.30462090623598026 0.2819650067294751 0.022431583669807152 0.030955585464333735
0 0.33871691341408705 0.2799461641991925 0.02602063705697617 0.021534320323014812
0 0.2983400628084343 0.35060565275908473 0.02960969044414533 0.017496635262449517
0 0.3490354419021983 0.3640646029609691 0.019739793629430267 0.030955585464333735
0 0.36922386720502465 0.3452220726783311 0.015253476895468765 0.03364737550471062
0 0.39479587258860477 0.34320323014804843 0.014356213548676493 0.032301480484522214
0 0.41498429789143115 0.3472409152086138 0.027815163750560784 0.04306864064602955
0 0.4356213548676537 0.34925975773889634 0.026020637056976242 0.03903095558546433
0 0.4571556751906685 0.3586810228802153 0.026020637056976242 0.030955585464333808
0 0.48272768057424853 0.3593539703903096 0.03409600717810683 0.05114401076716014
0 0.5204127411395245 0.3761776581426649 0.032301480484522214 0.03633916554508751
0 0.39614176760879316 0.2765814266487214 0.020637056976222538 0.033647375504710586
0 0.4199192462987887 0.28196500672947505 0.017945266935845652 0.02557200538358007
0 0.44952893674293404 0.2799461641991925 0.035890533871691305 0.018842530282637996
0 0.44010767160161507 0.25168236877523553 0.036787797218483645 0.0296096904441454
0 0.921040825482279 0.44952893674293404 0.04576043068640658 0.045760430686406436
0 0.8838043965903992 0.5255720053835801 0.052041274113952485 0.060565275908479134
