0 0.27187079407806186 0.563257065948856 0.08254822790489005 0.06864064602960973
0 0.4436967249887842 0.8438761776581427 0.0547330641543293 0.08882907133243606
0 0.4360699865410498 0.5323014804845222 0.09152086137281287 0.08748317631224765
0 0.4804845222072679 0.5208613728129206 0.09421265141318975 0.08344549125168235
0 0.5289367429340511 0.48855989232839847 0.11395244504262003 0.10228802153432034
0 0.5818752803947959 0.4683714670255721 0.09780170480035885 0.08613728129205916
0 0.5912965455361148 0.5558546433378198 0.08254822790489001 0.056527590847913915
0 0.6599371915657245 0.3943472409152086 0.0852400179452669 0.07806191117092866
0 0.71511888739345 0.3687752355316285 0.10587707492148951 0.08882907133243606
0 0.7608793180798564 0.3378196500672948 0.09152086137281287 0.08882907133243613
0 0.7833109017496634 0.3082099596231494 0.13638402871242705 0.09959623149394346
0 0.8465679676985195 0.2987886944818304 0.08165096455809788 0.06191117092866758
0 0.8788694481830416 0.27388963660834453 0.0798564378645132 0.07671601615074025
0 0.8272768057424854 0.64535666218035 0.11484970838941223 0.10632570659488565
0 0.8770749214894572 0.6110363391655451 0.11215791834903541 0.08344549125168228
0 0.9214894571556752 0.5874831763122477 0.11843876177658132 0.10094212651413194
0 0.9560340960071781 0.5356662180349933 0.0655002243158367 0.10497981157469717
