0 0.6464782413638404 0.4623149394347241 0.0995962314939434 0.07133243606998654
0 0.952893674293405 0.40982503364737555 0.06819201435621366 0.09017496635262454
0 0.9452669358456709 0.351278600269179 0.08344549125168228 0.07537012113055183
0 0.9358456707043517 0.30148048452220727 0.10228802153432043 0.09421265141318984
0 0.9273216689098251 0.25168236877523553 0.11933602512337373 0.07537012113055183
0 0.905338716913414 0.19986541049798118 0.16330192911619562 0.07133243606998654
0 0.4046657694033199 0.6453566621803499 0.10587707492148944 0.06325706594885609
0 0.48766262898160595 0.5074024226110361 0.13728129205921935 0.11305518169582741
0 0.4679228353521758 0.4286675639300135 0.13548676536563475 0.11170928667563927
0 0.4607447285778376 0.3721399730820996 0.11754149842978918 0.06864064602960966
0 0.4073575594436967 0.2833109017496635 0.10587707492148944 0.09555854643337817
0 0.38896366083445494 0.23082099596231495 0.11933602512337373 0.0847913862718708
0 0.376850605652759 0.1655450874831763 0.11126065500224314 0.06998654104979812
0 0.3414087034544639 0.13122476446837147 0.18393898609241813 0.117092866756393
0 0.32256617317182595 0.03095558546433378 0.15522655899506507 0.05652759084791386
