0 0.9376401973979364 0.22139973082099595 0.030506953790937673 0.03364737550471066
0 0.9609690444145358 0.22005383580080753 0.03409600717810676 0.03633916554508751
0 0.9452669358456709 0.3889636608344549 0.033198743831314485 0.048452220726783325
0 0.8873934499775684 0.6069986541049798 0.039479587258860534 0.0349932705248991
0 0.6527590847913862 0.639300134589502 0.020637056976222538 0.03768506056527599
0 0.6814715118887393 0.6507402422611037 0.01704800358905345 0.0336473755047107
0 0.7115298340062808 0.6480484522207268 0.016150740242261038 0.0336473755047107
0 0.7249887842081651 0.654777927321669 0.01435621354867635 0.025572005383580176
0 0.7393449977568417 0.655450874831763 0.010767160161507406 0.026917900403768583
0 0.749663526244953 0.6561238223418573 0.013458950201884222 0.025572005383580034
0 0.6940331987438313 0.6534320323014805 0.015253476895468908 0.028263795423956992
