0 0.4131897711978466 0.7611036339165546 0.08165096455809781 0.060565275908479065
0 0.6882009869896814 0.6460296096904442 0.07537012113055183 0.0592193808882908
0 0.889187976671153 0.9475100942126514 0.07716464782413623 0.09152086137281287
0 0.5352175863615972 0.6790040376850606 0.08882907133243599 0.08209959623149381
0 0.5549573799910273 0.641991924629879 0.13010318528488107 0.026917900403768583
0 0.5625841184387618 0.5955585464333781 0.12741139524450418 0.04979811574697166
0 0.5850157021085689 0.5565275908479138 0.09331538806639755 0.05248990578734855
0 0.582323912068192 0.477792732166891 0.09331538806639748 0.048452220726783256
0 0.5859129654553611 0.43606998654104984 0.11126065500224307 0.0646029609690445
0 0.6096904441453567 0.39636608344549124 0.12113055181695827 0.04441453566621803
0 0.5989232839838492 0.358008075370121 0.16778824585015706 0.06998654104979814
0 0.6209062359802602 0.2873485868102288 0.1292059219380888 0.08209959623149399
0 0.9098250336473754 0.11372812920592194 0.050246747420367936 0.04710632570659488
0 0.9196949304620907 0.05787348586810229 0.053835800807537026 0.06460296096904443
0 0.9605204127411394 0.6514131897711978 0.06191117092866747 0.05114401076716028
0 0.9645580978017049 0.5639300134589502 0.050246747420367936 0.048452220726783256
0 0.9721848362494393 0.5127860026917901 0.047554957379991124 0.037685060565275916
0 0.9636608344549126 0.607671601615074 0.052041274113952485 0.03364737550471062
